image: cylpillars.pgm
resolution: 0.080000
origin: [-20.800000, -18.240000, 0.000000]
negate: 0
occupied_thresh: 0.65
free_thresh: 0.196

